时间片为2
(Unit: tick)
Process   Turnaround   Waiting   CPU Burst   I/O Burst
      7         1631         0           0        1631
      8         2895      1368         100        1427
      9         2871      2670         200           0
     10         2942      2736         206           0
     11         2940      2733         206           0
     12         2937      2731         206           0
     13         2918      2714         204           0
     14         2916      2711         204           0
     15         2913      2709         204           0
     16         2888      2686         202           0
     17         2886      2683         202           0
     18         2883      2681         202           0
     19         2850      2650         200           0
     20         2848      2647         200           0
     21         2845      2645         200           0
     22         2808      2610         198           0
Average:     2810.69   2435.88
Throughout: 0.54/s

时间片为5
(Unit: tick)
Process   Turnaround   Waiting   CPU Burst   I/O Burst
      7         1706        28           0        1677
      8         2985      1420         100        1465
      9         3022      2719         200         102
     10         3051      2835         215           0
     11         3045      2830         215           0
     12         3040      2824         215           0
     13         2984      2774         210           0
     14         2979      2768         210           0
     15         2973      2763         210           0
     16         2967      2757         210           0
     17         2960      2749         210           0
     18         2954      2743         210           0
     19         2948      2738         210           0
     20         2943      2732         210           0
     21         2832      2627         205           0
     22         2827      2621         205           0
Average:     2888.50   2495.50
Throughout: 0.52/s


时间片为10
(Unit: tick)
Process   Turnaround   Waiting   CPU Burst   I/O Burst
      7         1872       118           0        1754
      8         3256      1511         100        1645
      9         3878      2805         200         872
     10         3917      3637         280           0
     11         3906      3626         280           0
     12         3896      3615         280           0
     13         3885      3605         280           0
     14         3874      3594         280           0
     15         3864      3583         280           0
     16         3853      3573         280           0
     17         3842      3562         280           0
     18         3832      3551         280           0
     19         3601      3331         270           0
     20         3591      3320         270           0
     21         3580      3309         270           0
     22         3567      3296         271           0
Average:     3638.38   3127.25
Throughout: 0.41/s

时间片为15
(Unit: tick)
Process   Turnaround   Waiting   CPU Burst   I/O Burst
      7         1927       236           0        1690
      8         3166      1481         100        1585
      9         3570      2845         200         525
     10         3630      3374         255           0
     11         3614      3359         255           0
     12         3598      3343         255           0
     13         3583      3327         255           0
     14         3567      3312         255           0
     15         3551      3296         255           0
     16         3536      3280         255           0
     17         3520      3265         255           0
     18         3504      3249         255           0
     19         3489      3233         255           0
     20         3473      3218         255           0
     21         3457      3202         255           0
     22         3442      3186         255           0
Average:     3414.19   2950.38
Throughout: 0.44/s

时间片为25
(Unit: tick)
Process   Turnaround   Waiting   CPU Burst   I/O Burst
      7         2387       387           0        2000
      8         3692      1762         100        1829
      9         4194      3040         200         953
     10         4218      3918         300           0
     11         4193      3892         300           0
     12         4167      3866         300           0
     13         4141      3841         300           0
     14         4116      3815         300           0
     15         4090      3789         300           0
     16         4064      3764         300           0
     17         4039      3737         301           0
     18         4013      3712         300           0
     19         3987      3687         300           0
     20         3962      3661         300           0
     21         3934      3633         300           0
     22         3908      3608         300           0
Average:     3944.06   3382.00
Throughout: 0.38/s

时间片为50
(Unit: tick)
Process   Turnaround   Waiting   CPU Burst   I/O Burst
      7         3162       762           0        2400
      8         4366      2111         100        2155
      9         4818      3362         200        1255
     10         4817      4517         300           0
     11         4816      4466         350           0
     12         4766      4415         350           0
     13         4715      4365         350           0
     14         4662      4312         350           0
     15         4612      4261         350           0
     16         4561      4211         350           0
     17         4510      4160         350           0
     18         4460      4109         350           0
     19         4409      4059         350           0
     20         4358      4008         350           0
     21         4308      3957         350           0
     22         4257      3907         350           0
Average:     4474.81   3811.38
Throughout: 0.33/s


