内核栈切换
(Unit: tick)
Process   Turnaround   Waiting   CPU Burst   I/O Burst
      7         2248       142           0        2105
      8         2944      1687         200        1057
      9         2974      2628         345           0
     10         2958      2612         345           0
     11         2942      2597         345           0
     12         2927      2581         345           0
     13         2909      2563         345           0
     14         2893      2548         345           0
     15         2878      2532         345           0
     16         2862      2516         345           0
Average:     2853.50   2240.60
Throughout: 0.34/s

原TSS切换
(Unit: tick)
Process   Turnaround   Waiting   CPU Burst   I/O Burst
      7         2247       142           0        2105
      8         3257      1686         200        1370
      9         3333      2943         390           0
     10         3315      2925         390           0
     11         3300      2909         390           0
     12         3284      2894         390           0
     13         3268      2878         390           0
     14         3253      2862         390           0
     15         3237      2847         390           0
     16         3221      2831         390           0
Average:     3171.50   2491.70
Throughout: 0.30/s


